$SPEC_ID:
No sample description was entered.
$SPEC_REM:
DET# 2
DETDESC# SPACESCIENCE8 digiBASE-RH SN 15121449
AP# Maestro Version 7.01
$DATE_MEA:
10/02/2024 16:14:42
$MEAS_TIM:
150 150
$DATA:
0 1023
       0
       0
       0
       0
       0
       0
       0
       0
       0
       0
       9
      54
      40
      52
      59
      51
      60
      61
      59
      62
      61
      75
      82
      97
     102
      93
     115
      92
     119
     123
     103
     124
     161
     125
     144
     153
     147
     151
     131
     146
     161
     160
     138
     145
     139
     154
     133
     119
     111
     112
     112
     100
     105
     111
     120
     100
     103
     100
      73
     108
     114
     107
      91
     102
      91
      83
      82
      89
      88
      85
      81
      91
      59
      73
      79
      77
      65
      65
      54
      77
      62
      63
      84
      87
      68
      60
      50
      64
      78
      58
      80
      73
      49
      45
      59
      50
      66
      53
      56
      63
      48
      56
      60
      59
      51
      64
      48
      39
      45
      54
      53
      39
      35
      42
      49
      49
      42
      55
      40
      45
      34
      34
      42
      34
      42
      54
      24
      36
      24
      31
      27
      30
      32
      32
      22
      34
      34
      27
      36
      34
      24
      42
      31
      31
      34
      28
      22
      31
      28
      24
      22
      30
      26
      32
      24
      30
      18
      37
      18
      27
      23
      26
      17
      27
      31
      19
      24
      28
      18
      16
      21
      18
      24
      21
      15
      21
      21
      19
      14
      18
      28
      12
      15
      13
      25
      21
      19
      16
      22
      21
       9
      13
      11
      11
      14
      12
      14
      17
      16
      19
       8
      13
      18
      20
       7
      15
      15
       8
       8
      11
      18
      14
      16
      22
       9
      14
      13
      14
       8
      13
      12
      15
      10
      24
      21
      10
      11
      12
       6
       8
      10
       8
      13
      13
      14
      12
      13
      15
      18
      13
      12
       9
      12
      11
      19
       8
       9
       7
       6
       9
      14
      14
       9
       9
      14
      14
      10
      10
       9
      11
      14
      14
      12
      15
       9
      11
       6
      14
      11
       8
      12
      10
      16
      14
       7
      15
      11
       8
       7
      19
       6
      11
       9
       9
       6
      17
      10
      12
      14
      16
      13
      16
      21
      16
       9
      13
      10
      18
      13
       9
      12
      17
      18
      17
      21
      16
      12
      22
      22
      13
      24
      19
      19
      22
      16
      16
      19
      15
      18
      12
      20
      11
      17
      19
      16
      21
      15
      19
      19
       9
      15
      21
       9
      20
      13
      23
      16
      17
      12
      20
      20
      16
      13
       6
       9
      14
      13
      10
      10
      11
       9
       7
       7
       5
      11
       6
       5
       6
       5
       3
       6
       6
       4
       7
       6
       7
       2
      10
       4
       4
       0
       4
       6
       4
       2
       3
       7
       4
       5
       7
       4
       2
       2
       3
       5
       4
       4
       5
       9
       5
       2
       2
       6
       3
       5
       1
       4
       7
       4
       4
       4
       9
       5
       4
       5
       3
       3
       4
       5
       5
       7
       4
       2
       5
       5
       1
       1
       4
       4
       7
       5
       2
       0
       3
       1
       4
       4
       2
       2
       6
       3
       4
       7
       5
       5
       4
       2
       8
       3
       4
       6
       3
       5
       7
       9
       6
       4
       7
       1
       6
       5
       2
       5
       1
       8
       4
       3
       2
       5
       5
       4
       1
       3
       6
       4
       4
       4
       5
       1
       1
       4
       2
       3
       5
       2
       4
       3
       5
       3
       7
       3
       5
       1
       1
       2
       1
       4
       2
       2
       1
       3
       0
       4
       2
       2
       5
       2
       0
       4
       2
       1
       4
       2
       4
       1
       0
       3
       2
       3
       0
       1
       1
       4
       1
       1
       2
       5
       3
       3
       5
       1
       1
       3
       0
       4
       5
       3
       2
       4
       5
       2
       3
       3
       3
       3
       4
       3
       4
       4
       3
       2
       2
       2
       3
       1
       3
       3
       3
       1
       5
       5
       3
       3
       5
       5
       4
       2
       2
       1
       5
       3
       3
       1
       4
       2
       0
       2
       0
       2
       2
       4
       2
       1
       3
       2
       2
       2
       2
       2
       5
       3
       3
       0
       2
       3
       2
       6
       6
       1
       3
       4
       1
       4
       2
       2
       0
       1
       1
       2
       1
       2
       3
       1
       1
       2
       1
       2
       0
       2
       3
       1
       1
       3
       1
       2
       1
       2
       1
       2
       1
       2
       0
       2
       2
       3
       6
       3
       1
       1
       1
       5
       2
       2
       3
       3
       0
       0
       1
       5
       1
       1
       0
       1
       1
       2
       4
       3
       2
       1
       0
       3
       1
       1
       3
       0
       1
       2
       1
       1
       2
       1
       2
       0
       0
       4
       1
       1
       4
       4
       0
       0
       2
       2
       3
       1
       4
       1
       3
       2
       2
       3
       1
       3
       2
       0
       1
       6
       5
       3
       1
       5
       0
       2
       3
       1
       2
       1
       3
       8
       3
       5
       7
       3
       4
       3
       3
       2
       1
       6
       9
       3
       5
       7
       5
       3
       4
       4
       3
       4
       6
       3
       4
       7
       8
       4
       4
       3
      10
       3
       4
       6
       2
       4
       5
       5
       4
       4
       2
       6
       8
       4
       1
       5
       4
       7
       5
       3
       2
       2
       2
       1
       2
       4
       4
       3
       2
       3
       3
       2
       3
       2
       2
       2
       5
       7
       3
       2
       1
       1
       3
       3
       0
       4
       5
       2
       2
       2
       3
       2
       1
       2
       0
       1
       2
       1
       1
       0
       0
       1
       0
       2
       3
       1
       2
       0
       1
       0
       0
       1
       1
       1
       0
       1
       0
       1
       2
       0
       0
       0
       1
       1
       0
       0
       0
       0
       1
       1
       1
       0
       0
       2
       0
       1
       0
       0
       1
       2
       3
       2
       0
       0
       1
       0
       2
       2
       0
       0
       1
       1
       0
       2
       0
       4
       1
       0
       0
       1
       0
       0
       0
       0
       1
       2
       0
       0
       0
       2
       1
       0
       0
       0
       1
       2
       0
       1
       1
       1
       2
       2
       0
       0
       2
       1
       0
       1
       2
       0
       2
       1
       1
       1
       1
       0
       1
       0
       1
       0
       1
       2
       0
       1
       1
       2
       1
       2
       0
       2
       2
       2
       1
       1
       0
       1
       2
       2
       0
       1
       3
       1
       1
       0
       1
       0
       1
       1
       0
       1
       0
       1
       0
       1
       0
       1
       1
       1
       0
       0
       0
       2
       0
       0
       0
       0
       0
       0
       0
       1
       0
       1
       0
       0
       0
       1
       0
       1
       1
       1
       1
       0
       1
       0
       0
       0
       0
       1
       0
       0
       1
       0
       0
       0
       1
       1
       0
       0
       1
       0
       0
       0
       1
       0
       0
       0
       0
       0
       1
       0
       0
       0
       1
       0
       0
       1
       0
       0
       0
       0
       1
       1
       0
       1
       1
       0
       0
       2
       0
       0
       0
       0
       1
       0
       0
       1
       0
       1
       0
       1
       0
       1
       0
       0
       0
       1
       0
       0
       1
       0
       0
       0
       0
       0
       0
       0
       0
$ROI:
0
$PRESETS:
None
0
0
$ENER_FIT:
0.000000 2.191293
$MCA_CAL:
3
0.000000E+000 2.191293E+000 0.000000E+000 keV
$SHAPE_CAL:
3
1.167119E+001 0.000000E+000 0.000000E+000
